image: /home/devon/turtlebot_custom_maps/cafe3.pgm
resolution: 0.050000
origin: [-12.200000, -12.200000, 0.000000]
<pose>0 0 10 0 -0 0</pose>
negate: 0
occupied_thresh: 0.65
free_thresh: 0.196

